              precision    recall  f1-score   support

           0     0.9997    1.0000    0.9998      3000
           1     0.9902    0.9760    0.9830      3000
           2     0.9909    0.9817    0.9863      3000
           3     0.9837    0.9657    0.9746      3000
           4     0.7500    0.7834    0.7664       157
           5     0.9961    0.9975    0.9968      7500
           6     0.9946    0.9793    0.9869      3000
           7     0.9086    0.9803    0.9431      3000
           8     0.9858    0.9923    0.9890      3000
           9     0.9448    0.9123    0.9283      3000

    accuracy                         0.9782     31657
   macro avg     0.9544    0.9569    0.9554     31657
weighted avg     0.9787    0.9782    0.9783     31657
