              precision    recall  f1-score   support

           0     0.9997    1.0000    0.9998      3000
           1     0.9902    0.9757    0.9829      3000
           2     0.9912    0.9797    0.9854      3000
           3     0.9827    0.9653    0.9739      3000
           4     0.7405    0.7452    0.7429       157
           5     0.9963    0.9983    0.9973      7500
           6     0.9932    0.9797    0.9864      3000
           7     0.9086    0.9803    0.9431      3000
           8     0.9845    0.9927    0.9885      3000
           9     0.9447    0.9113    0.9277      3000

    accuracy                         0.9779     31657
   macro avg     0.9532    0.9528    0.9528     31657
weighted avg     0.9784    0.9779    0.9780     31657
