              precision    recall  f1-score   support

           0     0.9998    0.9997    0.9997      6000
           1     0.9875    0.9760    0.9817      6000
           2     0.9904    0.9825    0.9864      6000
           3     0.9825    0.9625    0.9724      6000
           4     0.6225    0.9010    0.7363       313
           5     0.9981    0.9961    0.9971     15000
           6     0.9973    0.9765    0.9868      6000
           7     0.9116    0.9808    0.9449      6000
           8     0.9890    0.9907    0.9898      6000
           9     0.9461    0.9132    0.9294      6000

    accuracy                         0.9779     63313
   macro avg     0.9425    0.9679    0.9525     63313
weighted avg     0.9791    0.9779    0.9782     63313
