              precision    recall  f1-score   support

           0     0.9998    0.9997    0.9997      6000
           1     0.9873    0.9755    0.9814      6000
           2     0.9906    0.9823    0.9864      6000
           3     0.9830    0.9623    0.9725      6000
           4     0.6173    0.8914    0.7294       313
           5     0.9978    0.9958    0.9968     15000
           6     0.9971    0.9768    0.9869      6000
           7     0.9116    0.9808    0.9449      6000
           8     0.9902    0.9905    0.9903      6000
           9     0.9459    0.9150    0.9302      6000

    accuracy                         0.9779     63313
   macro avg     0.9421    0.9670    0.9519     63313
weighted avg     0.9792    0.9779    0.9782     63313
