              precision    recall  f1-score   support

           0     0.9997    1.0000    0.9998      3000
           1     0.9909    0.9760    0.9834      3000
           2     0.9909    0.9803    0.9856      3000
           3     0.9830    0.9657    0.9743      3000
           4     0.7625    0.7771    0.7697       157
           5     0.9960    0.9976    0.9968      7500
           6     0.9936    0.9800    0.9867      3000
           7     0.9086    0.9803    0.9431      3000
           8     0.9864    0.9923    0.9894      3000
           9     0.9441    0.9127    0.9281      3000

    accuracy                         0.9782     31657
   macro avg     0.9556    0.9562    0.9557     31657
weighted avg     0.9787    0.9782    0.9782     31657
