              precision    recall  f1-score   support

           0       1.00      1.00      1.00      6000
           1       0.99      0.98      0.98      6000
           2       0.99      0.98      0.99      6000
           3       0.98      0.96      0.97      6000
           4       0.64      0.91      0.75       313
           5       1.00      1.00      1.00     15000
           6       1.00      0.98      0.99      6000
           7       0.91      0.98      0.94      6000
           8       0.99      0.99      0.99      6000
           9       0.95      0.91      0.93      6000

    accuracy                           0.98     63313
   macro avg       0.94      0.97      0.95     63313
weighted avg       0.98      0.98      0.98     63313
